Date_reported,Country_code,Country,WHO_region,New_cases,Cumulative_cases,New_deaths,Cumulative_deaths
1/3/20,CN,China,WPRO,0,0,0,0
1/4/20,CN,China,WPRO,1,1,0,0
1/5/20,CN,China,WPRO,0,1,0,0
1/6/20,CN,China,WPRO,3,4,0,0
1/7/20,CN,China,WPRO,0,4,0,0
1/8/20,CN,China,WPRO,0,4,0,0
1/9/20,CN,China,WPRO,0,4,0,0
1/10/20,CN,China,WPRO,0,4,0,0
1/11/20,CN,China,WPRO,0,4,0,0
1/12/20,CN,China,WPRO,41,45,1,1
1/13/20,CN,China,WPRO,0,45,0,1
1/14/20,CN,China,WPRO,0,45,0,1
1/15/20,CN,China,WPRO,0,45,0,1
1/16/20,CN,China,WPRO,0,45,0,1
1/17/20,CN,China,WPRO,4,49,1,2
1/18/20,CN,China,WPRO,0,49,0,2
1/19/20,CN,China,WPRO,76,125,1,3
1/20/20,CN,China,WPRO,77,202,1,4
1/21/20,CN,China,WPRO,93,295,2,6
1/22/20,CN,China,WPRO,147,442,11,17
1/23/20,CN,China,WPRO,132,574,1,18
1/24/20,CN,China,WPRO,261,835,8,26
1/25/20,CN,China,WPRO,462,1297,16,42
1/26/20,CN,China,WPRO,688,1985,14,56
1/27/20,CN,China,WPRO,776,2761,26,82
1/28/20,CN,China,WPRO,1772,4533,49,131
1/29/20,CN,China,WPRO,1464,5997,2,133
1/30/20,CN,China,WPRO,1739,7736,38,171
1/31/20,CN,China,WPRO,1984,9720,42,213
2/1/20,CN,China,WPRO,2101,11821,46,259
2/2/20,CN,China,WPRO,2590,14411,102,361
2/3/20,CN,China,WPRO,2827,17238,64,425
2/4/20,CN,China,WPRO,3233,20471,66,491
2/5/20,CN,China,WPRO,3892,24363,72,563
2/6/20,CN,China,WPRO,3697,28060,70,633
2/7/20,CN,China,WPRO,3151,31211,85,718
2/8/20,CN,China,WPRO,3387,34598,87,805
2/9/20,CN,China,WPRO,2653,37251,100,905
2/10/20,CN,China,WPRO,2984,40235,107,1012
2/11/20,CN,China,WPRO,2473,42708,100,1112
2/12/20,CN,China,WPRO,2022,44730,5,1117
2/13/20,CN,China,WPRO,15152,59882,252,1369
2/14/20,CN,China,WPRO,4050,63932,152,1521
2/15/20,CN,China,WPRO,2644,66576,142,1663
2/16/20,CN,China,WPRO,2008,68584,104,1767
2/17/20,CN,China,WPRO,2051,70635,98,1865
2/18/20,CN,China,WPRO,1893,72528,139,2004
2/19/20,CN,China,WPRO,1750,74278,113,2117
2/20/20,CN,China,WPRO,397,74675,122,2239
2/21/20,CN,China,WPRO,893,75568,0,2239
2/22/20,CN,China,WPRO,825,76393,205,2444
2/23/20,CN,China,WPRO,649,77042,2,2446
2/24/20,CN,China,WPRO,220,77262,150,2596
2/25/20,CN,China,WPRO,517,77779,70,2666
2/26/20,CN,China,WPRO,411,78190,52,2718
2/27/20,CN,China,WPRO,440,78630,29,2747
2/28/20,CN,China,WPRO,329,78959,44,2791
2/29/20,CN,China,WPRO,430,79389,47,2838
3/1/20,CN,China,WPRO,579,79968,35,2873
3/2/20,CN,China,WPRO,206,80174,42,2915
3/3/20,CN,China,WPRO,128,80302,33,2948
3/4/20,CN,China,WPRO,120,80422,36,2984
3/5/20,CN,China,WPRO,143,80565,32,3016
3/6/20,CN,China,WPRO,145,80710,29,3045
3/7/20,CN,China,WPRO,103,80813,28,3073
3/8/20,CN,China,WPRO,46,80859,28,3101
3/9/20,CN,China,WPRO,45,80904,23,3124
3/10/20,CN,China,WPRO,20,80924,16,3140
3/11/20,CN,China,WPRO,31,80955,22,3162
3/12/20,CN,China,WPRO,25,80980,11,3173
3/13/20,CN,China,WPRO,11,80991,8,3181
3/14/20,CN,China,WPRO,30,81021,13,3194
3/15/20,CN,China,WPRO,27,81048,10,3204
3/16/20,CN,China,WPRO,29,81077,14,3218
3/17/20,CN,China,WPRO,40,81117,13,3231
3/18/20,CN,China,WPRO,34,81151,11,3242
3/19/20,CN,China,WPRO,86,81237,8,3250
3/20/20,CN,China,WPRO,63,81300,5,3255
3/21/20,CN,China,WPRO,116,81416,6,3261
3/22/20,CN,China,WPRO,82,81498,6,3267
3/23/20,CN,China,WPRO,103,81601,9,3276
3/24/20,CN,China,WPRO,146,81747,7,3283
3/25/20,CN,China,WPRO,101,81848,4,3287
3/26/20,CN,China,WPRO,113,81961,6,3293
3/27/20,CN,China,WPRO,117,82078,5,3298
3/28/20,CN,China,WPRO,135,82213,3,3301
3/29/20,CN,China,WPRO,128,82341,5,3306
3/30/20,CN,China,WPRO,106,82447,4,3310
3/31/20,CN,China,WPRO,98,82545,4,3314
4/1/20,CN,China,WPRO,86,82631,7,3321
4/2/20,CN,China,WPRO,93,82724,6,3327
4/3/20,CN,China,WPRO,78,82802,4,3331
4/4/20,CN,China,WPRO,73,82875,4,3335
4/5/20,CN,China,WPRO,55,82930,3,3338
4/6/20,CN,China,WPRO,75,83005,2,3340
4/7/20,CN,China,WPRO,67,83072,0,3340
4/8/20,CN,China,WPRO,85,83157,2,3342
4/9/20,CN,China,WPRO,92,83249,2,3344
4/10/20,CN,China,WPRO,56,83305,1,3345
4/11/20,CN,China,WPRO,64,83369,4,3349
4/12/20,CN,China,WPRO,113,83482,0,3349
4/13/20,CN,China,WPRO,115,83597,2,3351
4/14/20,CN,China,WPRO,99,83696,0,3351
4/15/20,CN,China,WPRO,49,83745,1,3352
4/16/20,CN,China,WPRO,52,83797,0,3352
4/17/20,CN,China,WPRO,27,83824,0,3352
4/18/20,CN,China,WPRO,356,84180,1290,4642
4/19/20,CN,China,WPRO,21,84201,0,4642
4/20/20,CN,China,WPRO,36,84237,0,4642
4/21/20,CN,China,WPRO,13,84250,0,4642
4/22/20,CN,China,WPRO,37,84287,0,4642
4/23/20,CN,China,WPRO,15,84302,0,4642
4/24/20,CN,China,WPRO,9,84311,0,4642
4/25/20,CN,China,WPRO,13,84324,0,4642
4/26/20,CN,China,WPRO,14,84338,0,4642
4/27/20,CN,China,WPRO,3,84341,1,4643
4/28/20,CN,China,WPRO,6,84347,0,4643
4/29/20,CN,China,WPRO,22,84369,0,4643
4/30/20,CN,China,WPRO,4,84373,0,4643
5/1/20,CN,China,WPRO,12,84385,0,4643
5/2/20,CN,China,WPRO,3,84388,0,4643
5/3/20,CN,China,WPRO,5,84393,0,4643
5/4/20,CN,China,WPRO,7,84400,0,4643
5/5/20,CN,China,WPRO,4,84404,0,4643
5/6/20,CN,China,WPRO,2,84406,0,4643
5/7/20,CN,China,WPRO,3,84409,0,4643
5/8/20,CN,China,WPRO,6,84415,0,4643
5/9/20,CN,China,WPRO,1,84416,0,4643
5/10/20,CN,China,WPRO,14,84430,0,4643
5/11/20,CN,China,WPRO,20,84450,0,4643
5/12/20,CN,China,WPRO,1,84451,1,4644
5/13/20,CN,China,WPRO,7,84458,0,4644
5/14/20,CN,China,WPRO,6,84464,0,4644
5/15/20,CN,China,WPRO,5,84469,0,4644
5/16/20,CN,China,WPRO,9,84478,0,4644
5/17/20,CN,China,WPRO,6,84484,1,4645
5/18/20,CN,China,WPRO,10,84494,0,4645
5/19/20,CN,China,WPRO,6,84500,0,4645
5/20/20,CN,China,WPRO,5,84505,0,4645
5/21/20,CN,China,WPRO,2,84507,0,4645
5/22/20,CN,China,WPRO,13,84520,0,4645
5/23/20,CN,China,WPRO,2,84522,0,4645
5/24/20,CN,China,WPRO,3,84525,0,4645
5/25/20,CN,China,WPRO,11,84536,0,4645
5/26/20,CN,China,WPRO,7,84543,0,4645
5/27/20,CN,China,WPRO,1,84544,0,4645
5/28/20,CN,China,WPRO,3,84547,0,4645
5/29/20,CN,China,WPRO,0,84547,0,4645
5/30/20,CN,China,WPRO,18,84565,0,4645
5/31/20,CN,China,WPRO,5,84570,0,4645
6/1/20,CN,China,WPRO,18,84588,0,4645
6/2/20,CN,China,WPRO,9,84597,0,4645
6/3/20,CN,China,WPRO,5,84602,0,4645
6/4/20,CN,China,WPRO,1,84603,0,4645
6/5/20,CN,China,WPRO,11,84614,0,4645
6/6/20,CN,China,WPRO,6,84620,0,4645
6/7/20,CN,China,WPRO,9,84629,0,4645
6/8/20,CN,China,WPRO,5,84634,0,4645
6/9/20,CN,China,WPRO,4,84638,0,4645
6/10/20,CN,China,WPRO,3,84641,0,4645
6/11/20,CN,China,WPRO,11,84652,0,4645
6/12/20,CN,China,WPRO,7,84659,0,4645
6/13/20,CN,China,WPRO,12,84671,0,4645
6/14/20,CN,China,WPRO,58,84729,0,4645
6/15/20,CN,China,WPRO,49,84778,0,4645
6/16/20,CN,China,WPRO,45,84823,0,4645
6/17/20,CN,China,WPRO,44,84867,0,4645
6/18/20,CN,China,WPRO,36,84903,0,4645
6/19/20,CN,China,WPRO,37,84940,0,4645
6/20/20,CN,China,WPRO,30,84970,0,4645
6/21/20,CN,China,WPRO,27,84997,1,4646
6/22/20,CN,China,WPRO,21,85018,0,4646
6/23/20,CN,China,WPRO,52,85070,0,4646
6/24/20,CN,China,WPRO,28,85098,1,4647
6/25/20,CN,China,WPRO,21,85119,0,4647
6/26/20,CN,China,WPRO,29,85148,1,4648
6/27/20,CN,China,WPRO,24,85172,0,4648
6/28/20,CN,China,WPRO,18,85190,0,4648
6/29/20,CN,China,WPRO,14,85204,0,4648
6/30/20,CN,China,WPRO,23,85227,0,4648
7/1/20,CN,China,WPRO,5,85232,0,4648
7/2/20,CN,China,WPRO,31,85263,0,4648
7/3/20,CN,China,WPRO,15,85278,0,4648
7/4/20,CN,China,WPRO,9,85287,0,4648
7/5/20,CN,China,WPRO,19,85306,0,4648
7/6/20,CN,China,WPRO,14,85320,0,4648
7/7/20,CN,China,WPRO,25,85345,0,4648
7/8/20,CN,China,WPRO,21,85366,0,4648
7/9/20,CN,China,WPRO,33,85399,0,4648
7/10/20,CN,China,WPRO,46,85445,0,4648
7/11/20,CN,China,WPRO,42,85487,0,4648
7/12/20,CN,China,WPRO,35,85522,0,4648
7/13/20,CN,China,WPRO,46,85568,0,4648
7/14/20,CN,China,WPRO,55,85623,1,4649
7/15/20,CN,China,WPRO,54,85677,0,4649
7/16/20,CN,China,WPRO,20,85697,2,4651
7/17/20,CN,China,WPRO,78,85775,0,4651
7/18/20,CN,China,WPRO,82,85857,1,4652
7/19/20,CN,China,WPRO,80,85937,1,4653
7/20/20,CN,China,WPRO,131,86068,0,4653
7/21/20,CN,China,WPRO,84,86152,0,4653
7/22/20,CN,China,WPRO,74,86226,2,4655
7/23/20,CN,China,WPRO,135,86361,0,4655
7/24/20,CN,China,WPRO,139,86500,1,4656
7/25/20,CN,China,WPRO,160,86660,1,4657
7/26/20,CN,China,WPRO,179,86839,2,4659
7/27/20,CN,China,WPRO,189,87028,0,4659
7/28/20,CN,China,WPRO,217,87245,4,4663
7/29/20,CN,China,WPRO,212,87457,1,4664
7/30/20,CN,China,WPRO,223,87680,1,4665
7/31/20,CN,China,WPRO,276,87956,1,4666
8/1/20,CN,China,WPRO,166,88122,2,4668
8/2/20,CN,China,WPRO,180,88302,6,4674
8/3/20,CN,China,WPRO,158,88460,3,4677
8/4/20,CN,China,WPRO,114,88574,1,4678
8/5/20,CN,China,WPRO,108,88682,5,4683
8/6/20,CN,China,WPRO,122,88804,1,4684
8/7/20,CN,China,WPRO,133,88937,3,4687
8/8/20,CN,China,WPRO,120,89057,1,4688
8/9/20,CN,China,WPRO,92,89149,0,4688
8/10/20,CN,China,WPRO,121,89270,5,4693
8/11/20,CN,China,WPRO,113,89383,3,4696
8/12/20,CN,China,WPRO,61,89444,3,4699
8/13/20,CN,China,WPRO,82,89526,5,4704
8/14/20,CN,China,WPRO,99,89625,3,4707
8/15/20,CN,China,WPRO,70,89695,1,4708
8/16/20,CN,China,WPRO,66,89761,2,4710
8/17/20,CN,China,WPRO,98,89859,0,4710
8/18/20,CN,China,WPRO,67,89926,0,4710
8/19/20,CN,China,WPRO,54,89980,2,4712
8/20/20,CN,China,WPRO,33,90013,1,4713
8/21/20,CN,China,WPRO,40,90053,3,4716
8/22/20,CN,China,WPRO,50,90103,0,4716
8/23/20,CN,China,WPRO,38,90141,1,4717
8/24/20,CN,China,WPRO,41,90182,1,4718
8/25/20,CN,China,WPRO,23,90205,0,4718
8/26/20,CN,China,WPRO,34,90239,1,4719
8/27/20,CN,China,WPRO,32,90271,1,4720
8/28/20,CN,China,WPRO,30,90301,2,4722
8/29/20,CN,China,WPRO,22,90323,3,4725
8/30/20,CN,China,WPRO,28,90351,3,4728
8/31/20,CN,China,WPRO,32,90383,1,4729
9/1/20,CN,China,WPRO,19,90402,1,4730
9/2/20,CN,China,WPRO,20,90422,1,4731
9/3/20,CN,China,WPRO,20,90442,3,4734
9/4/20,CN,China,WPRO,33,90475,1,4735
9/5/20,CN,China,WPRO,23,90498,0,4735
9/6/20,CN,China,WPRO,19,90517,0,4735
9/7/20,CN,China,WPRO,34,90551,2,4737
9/8/20,CN,China,WPRO,22,90573,2,4739
9/9/20,CN,China,WPRO,9,90582,1,4740
9/10/20,CN,China,WPRO,13,90595,0,4740
9/11/20,CN,China,WPRO,28,90623,0,4740
9/12/20,CN,China,WPRO,20,90643,0,4740
9/13/20,CN,China,WPRO,23,90666,1,4741
9/14/20,CN,China,WPRO,29,90695,0,4741
9/15/20,CN,China,WPRO,23,90718,1,4742
9/16/20,CN,China,WPRO,16,90734,1,4743
9/17/20,CN,China,WPRO,19,90753,0,4743
9/18/20,CN,China,WPRO,44,90797,0,4743
9/19/20,CN,China,WPRO,17,90814,1,4744
9/20/20,CN,China,WPRO,26,90840,0,4744
9/21/20,CN,China,WPRO,36,90876,0,4744
9/22/20,CN,China,WPRO,14,90890,0,4744
9/23/20,CN,China,WPRO,18,90908,0,4744
9/24/20,CN,China,WPRO,10,90918,1,4745
9/25/20,CN,China,WPRO,15,90933,0,4745
9/26/20,CN,China,WPRO,18,90951,1,4746
9/27/20,CN,China,WPRO,15,90966,0,4746
9/28/20,CN,China,WPRO,27,90993,0,4746
9/29/20,CN,China,WPRO,25,91018,0,4746
9/30/20,CN,China,WPRO,23,91041,0,4746
10/1/20,CN,China,WPRO,20,91061,0,4746
10/2/20,CN,China,WPRO,21,91082,0,4746
10/3/20,CN,China,WPRO,19,91101,0,4746
10/4/20,CN,China,WPRO,20,91121,0,4746
10/5/20,CN,China,WPRO,25,91146,0,4746
10/6/20,CN,China,WPRO,24,91170,0,4746
10/7/20,CN,China,WPRO,18,91188,0,4746
10/8/20,CN,China,WPRO,24,91212,0,4746
10/9/20,CN,China,WPRO,40,91252,0,4746
10/10/20,CN,China,WPRO,26,91278,0,4746
10/11/20,CN,China,WPRO,27,91305,0,4746
10/12/20,CN,China,WPRO,28,91333,0,4746
10/13/20,CN,China,WPRO,26,91359,0,4746
10/14/20,CN,China,WPRO,28,91387,0,4746
10/15/20,CN,China,WPRO,11,91398,0,4746
10/16/20,CN,China,WPRO,37,91435,0,4746
10/17/20,CN,China,WPRO,24,91459,0,4746
10/18/20,CN,China,WPRO,30,91489,0,4746
10/19/20,CN,China,WPRO,17,91506,0,4746
10/20/20,CN,China,WPRO,39,91545,0,4746
10/21/20,CN,China,WPRO,19,91564,0,4746
10/22/20,CN,China,WPRO,23,91587,0,4746
10/23/20,CN,China,WPRO,33,91620,0,4746
10/24/20,CN,China,WPRO,32,91652,0,4746
10/25/20,CN,China,WPRO,22,91674,0,4746
10/26/20,CN,China,WPRO,26,91700,0,4746
10/27/20,CN,China,WPRO,24,91724,0,4746
10/28/20,CN,China,WPRO,47,91771,0,4746
10/29/20,CN,China,WPRO,50,91821,0,4746
10/30/20,CN,China,WPRO,31,91852,0,4746
10/31/20,CN,China,WPRO,41,91893,0,4746
11/1/20,CN,China,WPRO,28,91921,0,4746
11/2/20,CN,China,WPRO,34,91955,0,4746
11/3/20,CN,China,WPRO,60,92015,0,4746
11/4/20,CN,China,WPRO,30,92045,0,4746
11/5/20,CN,China,WPRO,32,92077,1,4747
11/6/20,CN,China,WPRO,44,92121,1,4748
11/7/20,CN,China,WPRO,43,92164,0,4748
11/8/20,CN,China,WPRO,31,92195,0,4748
11/9/20,CN,China,WPRO,47,92242,0,4748
11/10/20,CN,China,WPRO,29,92271,0,4748
11/11/20,CN,China,WPRO,28,92299,1,4749
11/12/20,CN,China,WPRO,37,92336,0,4749
11/13/20,CN,China,WPRO,36,92372,0,4749
11/14/20,CN,China,WPRO,32,92404,0,4749
11/15/20,CN,China,WPRO,24,92428,0,4749
11/16/20,CN,China,WPRO,24,92452,0,4749
11/17/20,CN,China,WPRO,24,92476,0,4749
11/18/20,CN,China,WPRO,14,92490,0,4749
11/19/20,CN,China,WPRO,23,92513,0,4749
11/20/20,CN,China,WPRO,31,92544,0,4749
11/21/20,CN,China,WPRO,44,92588,0,4749
11/22/20,CN,China,WPRO,60,92648,0,4749
11/23/20,CN,China,WPRO,85,92733,0,4749
11/24/20,CN,China,WPRO,96,92829,0,4749
11/25/20,CN,China,WPRO,85,92914,0,4749
11/26/20,CN,China,WPRO,111,93025,0,4749
11/27/20,CN,China,WPRO,88,93113,0,4749
11/28/20,CN,China,WPRO,112,93225,0,4749
11/29/20,CN,China,WPRO,104,93329,1,4750
11/30/20,CN,China,WPRO,136,93465,0,4750
12/1/20,CN,China,WPRO,112,93577,0,4750
12/2/20,CN,China,WPRO,91,93668,0,4750
12/3/20,CN,China,WPRO,129,93797,1,4751
12/4/20,CN,China,WPRO,108,93905,1,4752
12/5/20,CN,China,WPRO,133,94038,1,4753
12/6/20,CN,China,WPRO,122,94160,0,4753
12/7/20,CN,China,WPRO,133,94293,0,4753
12/8/20,CN,China,WPRO,90,94383,0,4753
12/9/20,CN,China,WPRO,117,94500,0,4753
12/10/20,CN,China,WPRO,118,94618,2,4755
12/11/20,CN,China,WPRO,131,94749,0,4755
12/12/20,CN,China,WPRO,100,94849,0,4755
12/13/20,CN,China,WPRO,101,94950,1,4756
12/14/20,CN,China,WPRO,114,95064,2,4758
12/15/20,CN,China,WPRO,103,95167,3,4761
12/16/20,CN,China,WPRO,112,95279,3,4764
12/17/20,CN,China,WPRO,96,95375,0,4764
12/18/20,CN,China,WPRO,116,95491,2,4766
12/19/20,CN,China,WPRO,89,95580,4,4770
12/20/20,CN,China,WPRO,136,95716,0,4770
12/21/20,CN,China,WPRO,100,95816,1,4771
12/22/20,CN,China,WPRO,100,95916,1,4772
12/23/20,CN,China,WPRO,82,95998,1,4773
12/24/20,CN,China,WPRO,76,96074,1,4774
12/25/20,CN,China,WPRO,85,96159,2,4776
12/26/20,CN,China,WPRO,81,96240,1,4777
12/27/20,CN,China,WPRO,84,96324,0,4777
12/28/20,CN,China,WPRO,93,96417,1,4778
12/29/20,CN,China,WPRO,96,96513,4,4782
12/30/20,CN,China,WPRO,79,96592,2,4784
12/31/20,CN,China,WPRO,81,96673,4,4788
1/1/21,CN,China,WPRO,156,96829,1,4789
1/2/21,CN,China,WPRO,65,96894,1,4790
1/3/21,CN,China,WPRO,78,96972,1,4791
1/4/21,CN,China,WPRO,89,97061,0,4791
1/5/21,CN,China,WPRO,66,97127,3,4794
1/6/21,CN,China,WPRO,90,97217,0,4794
1/7/21,CN,China,WPRO,89,97306,1,4795
1/8/21,CN,China,WPRO,81,97387,0,4795
1/9/21,CN,China,WPRO,131,97518,1,4796
1/10/21,CN,China,WPRO,134,97652,2,4798
1/11/21,CN,China,WPRO,102,97754,1,4799
1/12/21,CN,China,WPRO,179,97933,1,4800
1/13/21,CN,China,WPRO,184,98117,1,4801
1/14/21,CN,China,WPRO,173,98290,2,4803
1/15/21,CN,China,WPRO,169,98459,0,4803
1/16/21,CN,China,WPRO,166,98625,0,4803
1/17/21,CN,China,WPRO,169,98794,1,4804
1/18/21,CN,China,WPRO,232,99026,0,4804
1/19/21,CN,China,WPRO,165,99191,1,4805
1/20/21,CN,China,WPRO,223,99414,2,4807
1/21/21,CN,China,WPRO,175,99589,1,4808
1/22/21,CN,China,WPRO,178,99767,1,4809
1/23/21,CN,China,WPRO,164,99931,1,4810
1/24/21,CN,China,WPRO,205,100136,0,4810
1/25/21,CN,China,WPRO,155,100291,1,4811
1/26/21,CN,China,WPRO,140,100431,3,4814
1/27/21,CN,China,WPRO,117,100548,2,4816
1/28/21,CN,China,WPRO,93,100641,2,4818
1/29/21,CN,China,WPRO,106,100747,2,4820
1/30/21,CN,China,WPRO,130,100877,1,4821
1/31/21,CN,China,WPRO,97,100974,2,4823
2/1/21,CN,China,WPRO,65,101039,2,4825
2/2/21,CN,China,WPRO,53,101092,1,4826
2/3/21,CN,China,WPRO,51,101143,2,4828
2/4/21,CN,China,WPRO,44,101187,1,4829
2/5/21,CN,China,WPRO,54,101241,2,4831
2/6/21,CN,China,WPRO,31,101272,0,4831
2/7/21,CN,China,WPRO,44,101316,0,4831
2/8/21,CN,China,WPRO,47,101363,0,4831
2/9/21,CN,China,WPRO,45,101408,0,4831
2/10/21,CN,China,WPRO,21,101429,2,4833
2/11/21,CN,China,WPRO,34,101463,1,4834
2/12/21,CN,China,WPRO,33,101496,2,4836
2/13/21,CN,China,WPRO,19,101515,1,4837
2/14/21,CN,China,WPRO,21,101536,1,4838
2/15/21,CN,China,WPRO,25,101561,0,4838
2/16/21,CN,China,WPRO,15,101576,0,4838
2/17/21,CN,China,WPRO,28,101604,2,4840
2/18/21,CN,China,WPRO,20,101624,2,4842
2/19/21,CN,China,WPRO,22,101646,0,4842
2/20/21,CN,China,WPRO,23,101669,0,4842
2/21/21,CN,China,WPRO,31,101700,0,4842
2/22/21,CN,China,WPRO,26,101726,0,4842
2/23/21,CN,China,WPRO,24,101750,0,4842
2/24/21,CN,China,WPRO,28,101778,0,4842
2/25/21,CN,China,WPRO,24,101802,1,4843
2/26/21,CN,China,WPRO,34,101836,0,4843
2/27/21,CN,China,WPRO,42,101878,0,4843
2/28/21,CN,China,WPRO,42,101920,0,4843
3/1/21,CN,China,WPRO,25,101945,1,4844
3/2/21,CN,China,WPRO,23,101968,1,4845
3/3/21,CN,China,WPRO,27,101995,0,4845
3/4/21,CN,China,WPRO,20,102015,0,4845
3/5/21,CN,China,WPRO,21,102036,1,4846
3/6/21,CN,China,WPRO,28,102064,0,4846
3/7/21,CN,China,WPRO,37,102101,2,4848
3/8/21,CN,China,WPRO,24,102125,0,4848
3/9/21,CN,China,WPRO,27,102152,0,4848
3/10/21,CN,China,WPRO,20,102172,0,4848
3/11/21,CN,China,WPRO,31,102203,1,4849
3/12/21,CN,China,WPRO,73,102276,0,4849
3/13/21,CN,China,WPRO,57,102333,0,4849
3/14/21,CN,China,WPRO,30,102363,0,4849
3/15/21,CN,China,WPRO,48,102411,0,4849
3/16/21,CN,China,WPRO,22,102433,0,4849
3/17/21,CN,China,WPRO,17,102450,0,4849
3/18/21,CN,China,WPRO,29,102479,0,4849
3/19/21,CN,China,WPRO,23,102502,0,4849
3/20/21,CN,China,WPRO,21,102523,0,4849
3/21/21,CN,China,WPRO,16,102539,0,4849
3/22/21,CN,China,WPRO,27,102566,0,4849
3/23/21,CN,China,WPRO,23,102589,0,4849
3/24/21,CN,China,WPRO,23,102612,1,4850
3/25/21,CN,China,WPRO,23,102635,0,4850
3/26/21,CN,China,WPRO,24,102659,0,4850
3/27/21,CN,China,WPRO,21,102680,1,4851
3/28/21,CN,China,WPRO,18,102698,0,4851
3/29/21,CN,China,WPRO,17,102715,0,4851
3/30/21,CN,China,WPRO,19,102734,0,4851
3/31/21,CN,China,WPRO,28,102762,0,4851
4/1/21,CN,China,WPRO,28,102790,0,4851
4/2/21,CN,China,WPRO,48,102838,0,4851
4/3/21,CN,China,WPRO,29,102867,0,4851
4/4/21,CN,China,WPRO,41,102908,0,4851
4/5/21,CN,China,WPRO,41,102949,0,4851
4/6/21,CN,China,WPRO,21,102970,0,4851
4/7/21,CN,China,WPRO,33,103003,0,4851
4/8/21,CN,China,WPRO,31,103034,0,4851
4/9/21,CN,China,WPRO,32,103066,0,4851
4/10/21,CN,China,WPRO,17,103083,2,4853
4/11/21,CN,China,WPRO,30,103113,0,4853
4/12/21,CN,China,WPRO,23,103136,1,4854
4/13/21,CN,China,WPRO,29,103165,0,4854
4/14/21,CN,China,WPRO,20,103185,1,4855
4/15/21,CN,China,WPRO,18,103203,1,4856
4/16/21,CN,China,WPRO,34,103237,0,4856
4/17/21,CN,China,WPRO,36,103273,0,4856
4/18/21,CN,China,WPRO,42,103315,0,4856
4/19/21,CN,China,WPRO,25,103340,0,4856
4/20/21,CN,China,WPRO,31,103371,0,4856
4/21/21,CN,China,WPRO,11,103382,0,4856
4/22/21,CN,China,WPRO,37,103419,0,4856
4/23/21,CN,China,WPRO,22,103441,0,4856
4/24/21,CN,China,WPRO,23,103464,0,4856
4/25/21,CN,China,WPRO,20,103484,0,4856
4/26/21,CN,China,WPRO,19,103503,1,4857
4/27/21,CN,China,WPRO,26,103529,0,4857
4/28/21,CN,China,WPRO,33,103562,0,4857
4/29/21,CN,China,WPRO,33,103595,0,4857
4/30/21,CN,China,WPRO,27,103622,0,4857
5/1/21,CN,China,WPRO,27,103649,1,4858
5/2/21,CN,China,WPRO,18,103667,0,4858
5/3/21,CN,China,WPRO,27,103694,0,4858
5/4/21,CN,China,WPRO,19,103713,0,4858
5/5/21,CN,China,WPRO,18,103731,0,4858
5/6/21,CN,China,WPRO,28,103759,0,4858
5/7/21,CN,China,WPRO,14,103773,0,4858
5/8/21,CN,China,WPRO,22,103795,0,4858
5/9/21,CN,China,WPRO,13,103808,0,4858
5/10/21,CN,China,WPRO,33,103841,0,4858
5/11/21,CN,China,WPRO,28,103869,0,4858
5/12/21,CN,China,WPRO,32,103901,0,4858
5/13/21,CN,China,WPRO,35,103936,0,4858
5/14/21,CN,China,WPRO,49,103985,0,4858
5/15/21,CN,China,WPRO,206,104191,0,4858
5/16/21,CN,China,WPRO,234,104425,0,4858
5/17/21,CN,China,WPRO,357,104782,0,4858
5/18/21,CN,China,WPRO,258,105040,2,4860
5/19/21,CN,China,WPRO,286,105326,0,4860
5/20/21,CN,China,WPRO,319,105645,1,4861
5/21/21,CN,China,WPRO,326,105971,0,4861
5/22/21,CN,China,WPRO,742,106713,2,4863
5/23/21,CN,China,WPRO,474,107187,6,4869
5/24/21,CN,China,WPRO,611,107798,6,4875
5/25/21,CN,China,WPRO,558,108356,6,4881
5/26/21,CN,China,WPRO,654,109010,11,4892
5/27/21,CN,China,WPRO,678,109688,13,4905
5/28/21,CN,China,WPRO,572,110260,19,4924
5/29/21,CN,China,WPRO,504,110764,21,4945
5/30/21,CN,China,WPRO,382,111146,10,4955
5/31/21,CN,China,WPRO,377,111523,15,4970
6/1/21,CN,China,WPRO,361,111884,13,4983
6/2/21,CN,China,WPRO,573,112457,12,4995
6/3/21,CN,China,WPRO,609,113066,17,5012
6/4/21,CN,China,WPRO,498,113564,21,5033
6/5/21,CN,China,WPRO,541,114105,37,5070
6/6/21,CN,China,WPRO,562,114667,36,5106
6/7/21,CN,China,WPRO,24,114691,26,5132
6/8/21,CN,China,WPRO,237,114928,22,5154
6/9/21,CN,China,WPRO,289,115217,25,5179
6/10/21,CN,China,WPRO,281,115498,28,5207
6/11/21,CN,China,WPRO,317,115815,24,5231
6/12/21,CN,China,WPRO,288,116103,26,5257
6/13/21,CN,China,WPRO,198,116301,26,5283
6/14/21,CN,China,WPRO,206,116507,15,5298
6/15/21,CN,China,WPRO,156,116663,8,5306
6/16/21,CN,China,WPRO,190,116853,18,5324
6/17/21,CN,China,WPRO,197,117050,19,5343
6/18/21,CN,China,WPRO,219,117269,21,5364
6/19/21,CN,China,WPRO,152,117421,20,5384
6/20/21,CN,China,WPRO,127,117548,11,5395
6/21/21,CN,China,WPRO,101,117649,20,5415
6/22/21,CN,China,WPRO,109,117758,6,5421
6/23/21,CN,China,WPRO,121,117879,24,5445
6/24/21,CN,China,WPRO,161,118040,6,5451
6/25/21,CN,China,WPRO,105,118145,5,5456
6/26/21,CN,China,WPRO,96,118241,13,5469
6/27/21,CN,China,WPRO,117,118358,9,5478
6/28/21,CN,China,WPRO,81,118439,3,5481
6/29/21,CN,China,WPRO,64,118503,9,5490
6/30/21,CN,China,WPRO,69,118572,5,5495
7/1/21,CN,China,WPRO,72,118644,13,5508
7/2/21,CN,China,WPRO,92,118736,15,5523
7/3/21,CN,China,WPRO,96,118832,10,5533
7/4/21,CN,China,WPRO,64,118896,2,5535
7/5/21,CN,China,WPRO,53,118949,2,5537
7/6/21,CN,China,WPRO,87,119036,17,5554
7/7/21,CN,China,WPRO,58,119094,9,5563
7/8/21,CN,China,WPRO,47,119141,3,5566
7/9/21,CN,China,WPRO,63,119204,12,5578
7/10/21,CN,China,WPRO,58,119262,6,5584
7/11/21,CN,China,WPRO,59,119321,4,5588
7/12/21,CN,China,WPRO,53,119374,1,5589
7/13/21,CN,China,WPRO,53,119427,6,5595
7/14/21,CN,China,WPRO,58,119485,6,5601
7/15/21,CN,China,WPRO,54,119539,6,5607
7/16/21,CN,China,WPRO,63,119602,4,5611
7/17/21,CN,China,WPRO,45,119647,1,5612
7/18/21,CN,China,WPRO,51,119698,4,5616
7/19/21,CN,China,WPRO,86,119784,1,5617
7/20/21,CN,China,WPRO,53,119837,4,5621
7/21/21,CN,China,WPRO,81,119918,5,5626
7/22/21,CN,China,WPRO,82,120000,4,5630
7/23/21,CN,China,WPRO,61,120061,2,5632
7/24/21,CN,China,WPRO,59,120120,2,5634
7/25/21,CN,China,WPRO,93,120213,0,5634
7/26/21,CN,China,WPRO,82,120295,0,5634
7/27/21,CN,China,WPRO,104,120399,1,5635
7/28/21,CN,China,WPRO,70,120469,0,5635
7/29/21,CN,China,WPRO,84,120553,0,5635
7/30/21,CN,China,WPRO,82,120635,0,5635
7/31/21,CN,China,WPRO,87,120722,0,5635
8/1/21,CN,China,WPRO,115,120837,2,5637
8/2/21,CN,China,WPRO,107,120944,0,5637
8/3/21,CN,China,WPRO,123,121067,2,5639
8/4/21,CN,China,WPRO,108,121175,0,5639
8/5/21,CN,China,WPRO,141,121316,0,5639
8/6/21,CN,China,WPRO,121,121437,3,5642
8/7/21,CN,China,WPRO,113,121550,12,5654
8/8/21,CN,China,WPRO,134,121684,3,5657
8/9/21,CN,China,WPRO,153,121837,4,5661
8/10/21,CN,China,WPRO,123,121960,1,5662
8/11/21,CN,China,WPRO,98,122058,2,5664
8/12/21,CN,China,WPRO,110,122168,1,5665
8/13/21,CN,China,WPRO,87,122255,2,5667
8/14/21,CN,China,WPRO,62,122317,2,5669
8/15/21,CN,China,WPRO,61,122378,0,5669
8/16/21,CN,China,WPRO,55,122433,0,5669
8/17/21,CN,China,WPRO,49,122482,0,5669
8/18/21,CN,China,WPRO,60,122542,0,5669
8/19/21,CN,China,WPRO,44,122586,5,5674
8/20/21,CN,China,WPRO,31,122617,1,5675
8/21/21,CN,China,WPRO,45,122662,1,5676
8/22/21,CN,China,WPRO,36,122698,0,5676
8/23/21,CN,China,WPRO,46,122744,0,5676
8/24/21,CN,China,WPRO,33,122777,1,5677
8/25/21,CN,China,WPRO,32,122809,1,5678
8/26/21,CN,China,WPRO,43,122852,2,5680
8/27/21,CN,China,WPRO,45,122897,1,5681
8/28/21,CN,China,WPRO,45,122942,0,5681
8/29/21,CN,China,WPRO,53,122995,1,5682
8/30/21,CN,China,WPRO,48,123043,0,5682
8/31/21,CN,China,WPRO,25,123068,1,5683
9/1/21,CN,China,WPRO,35,123103,1,5684
9/2/21,CN,China,WPRO,28,123131,1,5685
9/3/21,CN,China,WPRO,38,123169,0,5685
9/4/21,CN,China,WPRO,30,123199,0,5685
9/5/21,CN,China,WPRO,32,123231,0,5685
9/6/21,CN,China,WPRO,54,123285,0,5685
9/7/21,CN,China,WPRO,37,123322,0,5685
9/8/21,CN,China,WPRO,39,123361,0,5685
9/9/21,CN,China,WPRO,25,123386,1,5686
9/10/21,CN,China,WPRO,37,123423,1,5687
9/11/21,CN,China,WPRO,55,123478,0,5687
9/12/21,CN,China,WPRO,66,123544,0,5687
9/13/21,CN,China,WPRO,98,123642,1,5688
9/14/21,CN,China,WPRO,80,123722,0,5688
9/15/21,CN,China,WPRO,86,123808,0,5688
9/16/21,CN,China,WPRO,96,123904,0,5688
9/17/21,CN,China,WPRO,57,123961,0,5688
9/18/21,CN,China,WPRO,77,124038,0,5688
9/19/21,CN,China,WPRO,64,124102,1,5689
9/20/21,CN,China,WPRO,83,124185,0,5689
9/21/21,CN,China,WPRO,47,124232,0,5689
9/22/21,CN,China,WPRO,51,124283,1,5690
9/23/21,CN,China,WPRO,65,124348,0,5690
9/24/21,CN,China,WPRO,53,124401,0,5690
9/25/21,CN,China,WPRO,43,124444,0,5690
9/26/21,CN,China,WPRO,51,124495,0,5690
9/27/21,CN,China,WPRO,43,124538,1,5691
9/28/21,CN,China,WPRO,53,124591,0,5691
9/29/21,CN,China,WPRO,38,124629,0,5691
9/30/21,CN,China,WPRO,44,124673,0,5691
10/1/21,CN,China,WPRO,56,124729,1,5692
10/2/21,CN,China,WPRO,43,124772,0,5692
10/3/21,CN,China,WPRO,33,124805,0,5692
10/4/21,CN,China,WPRO,38,124843,1,5693
10/5/21,CN,China,WPRO,41,124884,0,5693
10/6/21,CN,China,WPRO,36,124920,0,5693
10/7/21,CN,China,WPRO,34,124954,0,5693
10/8/21,CN,China,WPRO,33,124987,1,5694
10/9/21,CN,China,WPRO,36,125023,1,5695
10/10/21,CN,China,WPRO,32,125055,0,5695
10/11/21,CN,China,WPRO,30,125085,0,5695
10/12/21,CN,China,WPRO,30,125115,0,5695
10/13/21,CN,China,WPRO,28,125143,0,5695
10/14/21,CN,China,WPRO,19,125162,0,5695
10/15/21,CN,China,WPRO,27,125189,0,5695
10/16/21,CN,China,WPRO,37,125226,0,5695
10/17/21,CN,China,WPRO,28,125254,0,5695
10/18/21,CN,China,WPRO,30,125284,0,5695
10/19/21,CN,China,WPRO,38,125322,0,5695
10/20/21,CN,China,WPRO,29,125351,0,5695
10/21/21,CN,China,WPRO,51,125402,0,5695
10/22/21,CN,China,WPRO,60,125462,0,5695
10/23/21,CN,China,WPRO,56,125518,0,5695
10/24/21,CN,China,WPRO,47,125565,0,5695
10/25/21,CN,China,WPRO,55,125620,1,5696
10/26/21,CN,China,WPRO,66,125686,0,5696
10/27/21,CN,China,WPRO,52,125738,0,5696
10/28/21,CN,China,WPRO,72,125810,0,5696
10/29/21,CN,China,WPRO,88,125898,0,5696
10/30/21,CN,China,WPRO,81,125979,0,5696
10/31/21,CN,China,WPRO,99,126078,0,5696
11/1/21,CN,China,WPRO,77,126155,0,5696
11/2/21,CN,China,WPRO,115,126270,0,5696
11/3/21,CN,China,WPRO,114,126384,0,5696
11/4/21,CN,China,WPRO,87,126471,0,5696
11/5/21,CN,China,WPRO,63,126534,0,5696
11/6/21,CN,China,WPRO,82,126616,0,5696
11/7/21,CN,China,WPRO,94,126710,0,5696
11/8/21,CN,China,WPRO,65,126775,0,5696
11/9/21,CN,China,WPRO,61,126836,1,5697
11/10/21,CN,China,WPRO,72,126908,0,5697
11/11/21,CN,China,WPRO,110,127018,0,5697
11/12/21,CN,China,WPRO,86,127104,0,5697
11/13/21,CN,China,WPRO,95,127199,0,5697
11/14/21,CN,China,WPRO,61,127260,0,5697
11/15/21,CN,China,WPRO,37,127297,0,5697
11/16/21,CN,China,WPRO,34,127331,0,5697
11/17/21,CN,China,WPRO,43,127374,0,5697
11/18/21,CN,China,WPRO,31,127405,0,5697
11/19/21,CN,China,WPRO,34,127439,0,5697
11/20/21,CN,China,WPRO,24,127463,0,5697
11/21/21,CN,China,WPRO,49,127512,0,5697
11/22/21,CN,China,WPRO,25,127537,0,5697
11/23/21,CN,China,WPRO,35,127572,0,5697
11/24/21,CN,China,WPRO,30,127602,0,5697
11/25/21,CN,China,WPRO,29,127631,0,5697
11/26/21,CN,China,WPRO,41,127672,0,5697
11/27/21,CN,China,WPRO,38,127710,0,5697
11/28/21,CN,China,WPRO,54,127764,0,5697
11/29/21,CN,China,WPRO,50,127814,0,5697
11/30/21,CN,China,WPRO,124,127938,0,5697
12/1/21,CN,China,WPRO,84,128022,0,5697
12/2/21,CN,China,WPRO,119,128141,0,5697
12/3/21,CN,China,WPRO,104,128245,0,5697
12/4/21,CN,China,WPRO,74,128319,0,5697
12/5/21,CN,China,WPRO,74,128393,0,5697
12/6/21,CN,China,WPRO,109,128502,0,5697
12/7/21,CN,China,WPRO,100,128602,0,5697
12/8/21,CN,China,WPRO,88,128690,0,5697
12/9/21,CN,China,WPRO,87,128777,0,5697
12/10/21,CN,China,WPRO,107,128884,0,5697
12/11/21,CN,China,WPRO,86,128970,0,5697
12/12/21,CN,China,WPRO,112,129082,0,5697
12/13/21,CN,China,WPRO,83,129165,0,5697
12/14/21,CN,China,WPRO,82,129247,0,5697
12/15/21,CN,China,WPRO,85,129332,1,5698
12/16/21,CN,China,WPRO,98,129430,0,5698
12/17/21,CN,China,WPRO,147,129577,0,5698
12/18/21,CN,China,WPRO,101,129678,0,5698
12/19/21,CN,China,WPRO,116,129794,1,5699
12/20/21,CN,China,WPRO,99,129893,0,5699
12/21/21,CN,China,WPRO,95,129988,0,5699
12/22/21,CN,China,WPRO,121,130109,0,5699
12/23/21,CN,China,WPRO,102,130211,0,5699
12/24/21,CN,China,WPRO,165,130376,0,5699
12/25/21,CN,China,WPRO,249,130625,0,5699
12/26/21,CN,China,WPRO,233,130858,0,5699
12/27/21,CN,China,WPRO,235,131093,0,5699
12/28/21,CN,China,WPRO,222,131315,0,5699
12/29/21,CN,China,WPRO,233,131548,0,5699
12/30/21,CN,China,WPRO,232,131780,0,5699
12/31/21,CN,China,WPRO,291,132071,0,5699
1/1/22,CN,China,WPRO,230,132301,0,5699
1/2/22,CN,China,WPRO,207,132508,0,5699
1/3/22,CN,China,WPRO,229,132737,0,5699
1/4/22,CN,China,WPRO,164,132901,0,5699
1/5/22,CN,China,WPRO,253,133154,0,5699
1/6/22,CN,China,WPRO,250,133404,0,5699
1/7/22,CN,China,WPRO,252,133656,0,5699
1/8/22,CN,China,WPRO,246,133902,0,5699
1/9/22,CN,China,WPRO,249,134151,0,5699
1/10/22,CN,China,WPRO,248,134399,0,5699
1/11/22,CN,China,WPRO,312,134711,0,5699
1/12/22,CN,China,WPRO,308,135019,0,5699
1/13/22,CN,China,WPRO,280,135299,1,5700
1/14/22,CN,China,WPRO,241,135540,0,5700
1/15/22,CN,China,WPRO,202,135742,0,5700
1/16/22,CN,China,WPRO,285,136027,0,5700
1/17/22,CN,China,WPRO,243,136270,0,5700
1/18/22,CN,China,WPRO,171,136441,0,5700
1/19/22,CN,China,WPRO,135,136576,0,5700
1/20/22,CN,China,WPRO,124,136700,0,5700
1/21/22,CN,China,WPRO,154,136854,0,5700
1/22/22,CN,China,WPRO,210,137064,0,5700
1/23/22,CN,China,WPRO,286,137350,0,5700
1/24/22,CN,China,WPRO,232,137582,0,5700
1/25/22,CN,China,WPRO,175,137757,0,5700
1/26/22,CN,China,WPRO,261,138018,0,5700
1/27/22,CN,China,WPRO,295,138313,0,5700
1/28/22,CN,China,WPRO,238,138551,0,5700
1/29/22,CN,China,WPRO,248,138799,0,5700
1/30/22,CN,China,WPRO,193,138992,0,5700
1/31/22,CN,China,WPRO,213,139205,0,5700
2/1/22,CN,China,WPRO,252,139457,0,5700
2/2/22,CN,China,WPRO,207,139664,0,5700
2/3/22,CN,China,WPRO,227,139891,0,5700
2/4/22,CN,China,WPRO,229,140120,0,5700
2/5/22,CN,China,WPRO,466,140586,0,5700
2/6/22,CN,China,WPRO,463,141049,0,5700
2/7/22,CN,China,WPRO,767,141816,0,5700
2/8/22,CN,China,WPRO,783,142599,0,5700
2/9/22,CN,China,WPRO,1244,143843,2,5702
2/10/22,CN,China,WPRO,1170,145013,1,5703
2/11/22,CN,China,WPRO,1503,146516,0,5703
2/12/22,CN,China,WPRO,1641,148157,3,5706
2/13/22,CN,China,WPRO,1483,149640,0,5706
2/14/22,CN,China,WPRO,2205,151845,2,5708
2/15/22,CN,China,WPRO,1765,153610,4,5712
2/16/22,CN,China,WPRO,4441,158051,3,5715
2/17/22,CN,China,WPRO,6271,164322,11,5726
2/18/22,CN,China,WPRO,3833,168155,21,5747
2/19/22,CN,China,WPRO,6331,174486,17,5764
2/20/22,CN,China,WPRO,6281,180767,12,5776
2/21/22,CN,China,WPRO,7720,188487,12,5788
2/22/22,CN,China,WPRO,6460,194947,36,5824
2/23/22,CN,China,WPRO,8916,203863,49,5873
2/24/22,CN,China,WPRO,9103,212966,40,5913
2/25/22,CN,China,WPRO,38163,251129,73,5986
2/26/22,CN,China,WPRO,23704,274833,80,6066
2/27/22,CN,China,WPRO,26321,301154,82,6148
2/28/22,CN,China,WPRO,34722,335876,85,6233
3/1/22,CN,China,WPRO,32865,368741,246,6479
3/2/22,CN,China,WPRO,55617,424358,178,6657
3/3/22,CN,China,WPRO,57192,481550,198,6855
3/4/22,CN,China,WPRO,52868,534418,188,7043
3/5/22,CN,China,WPRO,37938,572356,220,7263
3/6/22,CN,China,WPRO,31378,603734,233,7496
3/7/22,CN,China,WPRO,25504,629238,280,7776
3/8/22,CN,China,WPRO,28865,658103,291,8067
3/9/22,CN,China,WPRO,26596,684699,291,8358
3/10/22,CN,China,WPRO,25027,709726,281,8639
3/11/22,CN,China,WPRO,19558,729284,294,8933
3/12/22,CN,China,WPRO,17788,747072,285,9218
3/13/22,CN,China,WPRO,14835,761907,264,9482
3/14/22,CN,China,WPRO,15717,777624,286,9768
3/15/22,CN,China,WPRO,13947,791571,289,10057
3/16/22,CN,China,WPRO,15861,807432,279,10336
3/17/22,CN,China,WPRO,11180,818612,289,10625
3/18/22,CN,China,WPRO,10269,828881,265,10890
3/19/22,CN,China,WPRO,9391,838272,249,11139
3/20/22,CN,China,WPRO,8024,846296,248,11387
3/21/22,CN,China,WPRO,6958,853254,223,11610
3/22/22,CN,China,WPRO,7052,860306,245,11855
3/23/22,CN,China,WPRO,6401,866707,205,12060
3/24/22,CN,China,WPRO,7237,873944,201,12261
3/25/22,CN,China,WPRO,6049,879993,192,12453
3/26/22,CN,China,WPRO,5241,885234,139,12592
3/27/22,CN,China,WPRO,5033,890267,151,12743
3/28/22,CN,China,WPRO,4647,894914,168,12911
3/29/22,CN,China,WPRO,4889,899803,151,13062
3/30/22,CN,China,WPRO,4995,904798,135,13197
3/31/22,CN,China,WPRO,4925,909723,119,13316
4/1/22,CN,China,WPRO,5108,914831,120,13436
4/2/22,CN,China,WPRO,4195,919026,116,13552
4/3/22,CN,China,WPRO,3517,922543,111,13663
4/4/22,CN,China,WPRO,3097,925640,90,13753
4/5/22,CN,China,WPRO,3354,928994,87,13840
4/6/22,CN,China,WPRO,3171,932165,111,13951
4/7/22,CN,China,WPRO,3475,935640,97,14048
4/8/22,CN,China,WPRO,3079,938719,86,14134
4/9/22,CN,China,WPRO,2826,941545,63,14197
4/10/22,CN,China,WPRO,2646,944191,65,14262
4/11/22,CN,China,WPRO,2600,946791,57,14319
4/12/22,CN,China,WPRO,2868,949659,59,14378
4/13/22,CN,China,WPRO,4687,954346,62,14440
4/14/22,CN,China,WPRO,5046,959392,54,14494
4/15/22,CN,China,WPRO,5650,965042,67,14561
4/16/22,CN,China,WPRO,5326,970368,41,14602
4/17/22,CN,China,WPRO,4490,974858,32,14634
4/18/22,CN,China,WPRO,5108,979966,27,14661
4/19/22,CN,China,WPRO,4803,984769,26,14687
4/20/22,CN,China,WPRO,5651,990420,18,14705
4/21/22,CN,China,WPRO,5508,995928,37,14742
4/22/22,CN,China,WPRO,7129,1003057,27,14769
4/23/22,CN,China,WPRO,6034,1009091,48,14817
4/24/22,CN,China,WPRO,8070,1017161,64,14881
4/25/22,CN,China,WPRO,7383,1024544,70,14951
4/26/22,CN,China,WPRO,8361,1032905,55,15006
4/27/22,CN,China,WPRO,10639,1043544,57,15063
4/28/22,CN,China,WPRO,17382,1060926,59,15122
4/29/22,CN,China,WPRO,13927,1074853,60,15182
4/30/22,CN,China,WPRO,16227,1091080,51,15233
5/1/22,CN,China,WPRO,18064,1109144,40,15273
5/2/22,CN,China,WPRO,18357,1127501,28,15301
5/3/22,CN,China,WPRO,23622,1151123,28,15329
5/4/22,CN,China,WPRO,28850,1179973,21,15350
5/5/22,CN,China,WPRO,30628,1210601,22,15372
5/6/22,CN,China,WPRO,36540,1247141,34,15406
5/7/22,CN,China,WPRO,44907,1292048,19,15425
5/8/22,CN,China,WPRO,44817,1336865,25,15450
5/9/22,CN,China,WPRO,40772,1377637,19,15469
5/10/22,CN,China,WPRO,51206,1428843,24,15493
5/11/22,CN,China,WPRO,57553,1486396,16,15509
5/12/22,CN,China,WPRO,65881,1552277,20,15529
5/13/22,CN,China,WPRO,65326,1617603,45,15574
5/14/22,CN,China,WPRO,64346,1681949,44,15618
5/15/22,CN,China,WPRO,68993,1750942,24,15642
5/16/22,CN,China,WPRO,62011,1812953,30,15672
5/17/22,CN,China,WPRO,65965,1878918,41,15713
5/18/22,CN,China,WPRO,84737,1963655,46,15759
5/19/22,CN,China,WPRO,90656,2054311,60,15819
5/20/22,CN,China,WPRO,86063,2140374,54,15873
5/21/22,CN,China,WPRO,84865,2225239,62,15935
5/22/22,CN,China,WPRO,79754,2304993,54,15989
5/23/22,CN,China,WPRO,66477,2371470,41,16030
5/24/22,CN,China,WPRO,82613,2454083,42,16072
5/25/22,CN,China,WPRO,89607,2543690,79,16151
5/26/22,CN,China,WPRO,82120,2625810,107,16258
5/27/22,CN,China,WPRO,94753,2720563,127,16385
5/28/22,CN,China,WPRO,81043,2801606,128,16513
5/29/22,CN,China,WPRO,76727,2878333,145,16658
5/30/22,CN,China,WPRO,60201,2938534,111,16769
5/31/22,CN,China,WPRO,80809,3019343,90,16859
6/1/22,CN,China,WPRO,88425,3107768,123,16982
6/2/22,CN,China,WPRO,77134,3184902,145,17127
6/3/22,CN,China,WPRO,76786,3261688,144,17271
6/4/22,CN,China,WPRO,68350,3330038,152,17423
6/5/22,CN,China,WPRO,62264,3392302,128,17551
6/6/22,CN,China,WPRO,53254,3445556,151,17702
6/7/22,CN,China,WPRO,83172,3528728,127,17829
6/8/22,CN,China,WPRO,80429,3609157,159,17988
6/9/22,CN,China,WPRO,73344,3682501,212,18200
6/10/22,CN,China,WPRO,68663,3751164,213,18413
6/11/22,CN,China,WPRO,80020,3831184,211,18624
6/12/22,CN,China,WPRO,51100,3882284,163,18787
6/13/22,CN,China,WPRO,45459,3927743,109,18896
6/14/22,CN,China,WPRO,66651,3994394,124,19020
6/15/22,CN,China,WPRO,69470,4063864,144,19164
6/16/22,CN,China,WPRO,63761,4127625,168,19332
6/17/22,CN,China,WPRO,55742,4183367,154,19486
6/18/22,CN,China,WPRO,54218,4237585,182,19668
6/19/22,CN,China,WPRO,51168,4288753,174,19842
6/20/22,CN,China,WPRO,36182,4324935,145,19987
6/21/22,CN,China,WPRO,56939,4381874,115,20102
6/22/22,CN,China,WPRO,52951,4434825,172,20274
6/23/22,CN,China,WPRO,49053,4483878,167,20441
6/24/22,CN,China,WPRO,46513,4530391,152,20593
6/25/22,CN,China,WPRO,41120,4571511,151,20744
6/26/22,CN,China,WPRO,40425,4611936,134,20878
6/27/22,CN,China,WPRO,29337,4641273,91,20969
6/28/22,CN,China,WPRO,45012,4686285,104,21073
6/29/22,CN,China,WPRO,43135,4729420,85,21158
6/30/22,CN,China,WPRO,39947,4769367,120,21278
7/1/22,CN,China,WPRO,36825,4806192,122,21400
7/2/22,CN,China,WPRO,35765,4841957,99,21499
7/3/22,CN,China,WPRO,0,4841957,90,21589
7/4/22,CN,China,WPRO,33327,4875284,69,21658
7/5/22,CN,China,WPRO,23676,4898960,103,21761
7/6/22,CN,China,WPRO,37114,4936074,96,21857
7/7/22,CN,China,WPRO,35862,4971936,106,21963
7/8/22,CN,China,WPRO,32694,5004630,134,22097
7/9/22,CN,China,WPRO,31728,5036358,94,22191
7/10/22,CN,China,WPRO,29514,5065872,73,22264
7/11/22,CN,China,WPRO,29355,5095227,103,22367
7/12/22,CN,China,WPRO,20500,5115727,62,22429
7/13/22,CN,China,WPRO,32669,5148396,52,22481
7/14/22,CN,China,WPRO,31582,5179978,94,22575
7/15/22,CN,China,WPRO,29359,5209337,119,22694
7/16/22,CN,China,WPRO,27035,5236372,73,22767
7/17/22,CN,China,WPRO,27055,5263427,77,22844
7/18/22,CN,China,WPRO,25967,5289394,51,22895
7/19/22,CN,China,WPRO,19637,5309031,41,22936
7/20/22,CN,China,WPRO,28719,5337750,58,22994
7/21/22,CN,China,WPRO,29052,5366802,78,23072
7/22/22,CN,China,WPRO,27138,5393940,92,23164
7/23/22,CN,China,WPRO,25909,5419849,60,23224
7/24/22,CN,China,WPRO,24268,5444117,73,23297
7/25/22,CN,China,WPRO,23618,5467735,56,23353
7/26/22,CN,China,WPRO,18896,5486631,43,23396
7/27/22,CN,China,WPRO,27038,5513669,38,23434
7/28/22,CN,China,WPRO,27755,5541424,67,23501
7/29/22,CN,China,WPRO,26089,5567513,62,23563
7/30/22,CN,China,WPRO,25285,5592798,64,23627
7/31/22,CN,China,WPRO,23322,5616120,35,23662
8/1/22,CN,China,WPRO,22895,5639015,42,23704
8/2/22,CN,China,WPRO,18367,5657382,42,23746
8/3/22,CN,China,WPRO,25279,5682661,36,23782
8/4/22,CN,China,WPRO,25929,5708590,59,23841
8/5/22,CN,China,WPRO,25115,5733705,58,23899
8/6/22,CN,China,WPRO,23802,5757507,0,23899
8/7/22,CN,China,WPRO,21953,5779460,102,24001
8/8/22,CN,China,WPRO,24043,5803503,33,24034
8/9/22,CN,China,WPRO,17411,5820914,21,24055
8/10/22,CN,China,WPRO,25747,5846661,29,24084
8/11/22,CN,China,WPRO,26401,5873062,45,24129
8/12/22,CN,China,WPRO,25082,5898144,35,24164
8/13/22,CN,China,WPRO,24111,5922255,43,24207
8/14/22,CN,China,WPRO,23901,5946156,25,24232
8/15/22,CN,China,WPRO,23581,5969737,26,24258
8/16/22,CN,China,WPRO,18103,5987840,27,24285
8/17/22,CN,China,WPRO,25733,6013573,37,24322
8/18/22,CN,China,WPRO,27870,6041443,39,24361
8/19/22,CN,China,WPRO,26424,6067867,40,24401
8/20/22,CN,China,WPRO,25756,6093623,41,24442
8/21/22,CN,China,WPRO,24957,6118580,29,24471
8/22/22,CN,China,WPRO,25251,6143831,28,24499
8/23/22,CN,China,WPRO,19693,6163524,26,24525
8/24/22,CN,China,WPRO,29168,6192692,32,24557
8/25/22,CN,China,WPRO,32027,6224719,46,24603
8/26/22,CN,China,WPRO,30805,6255524,52,24655
8/27/22,CN,China,WPRO,29364,6284888,44,24699
8/28/22,CN,China,WPRO,28156,6313044,41,24740
8/29/22,CN,China,WPRO,30209,6343253,26,24766
8/30/22,CN,China,WPRO,23517,6366770,40,24806
8/31/22,CN,China,WPRO,34704,6401474,30,24836
9/1/22,CN,China,WPRO,38197,6439671,47,24883
9/2/22,CN,China,WPRO,37797,6477468,44,24927
9/3/22,CN,China,WPRO,37264,6514732,49,24976
9/4/22,CN,China,WPRO,36356,6551088,43,25019
9/5/22,CN,China,WPRO,37783,6588871,39,25058
9/6/22,CN,China,WPRO,27188,6616059,30,25088
9/7/22,CN,China,WPRO,39627,6655686,42,25130
9/8/22,CN,China,WPRO,44567,6700253,41,25171
9/9/22,CN,China,WPRO,38417,6738670,66,25237
9/10/22,CN,China,WPRO,37255,6775925,38,25275
9/11/22,CN,China,WPRO,38451,6814376,40,25315
9/12/22,CN,China,WPRO,34676,6849052,39,25354
9/13/22,CN,China,WPRO,27790,6876842,27,25381
9/14/22,CN,China,WPRO,49311,6926153,47,25428
9/15/22,CN,China,WPRO,52089,6978242,63,25491
9/16/22,CN,China,WPRO,48102,7026344,62,25553
9/17/22,CN,China,WPRO,44057,7070401,82,25635
9/18/22,CN,China,WPRO,41668,7112069,36,25671
9/19/22,CN,China,WPRO,41563,7153632,41,25712
9/20/22,CN,China,WPRO,30166,7183798,32,25744
9/21/22,CN,China,WPRO,46312,7230110,48,25792
9/22/22,CN,China,WPRO,48725,7278835,76,25868
9/23/22,CN,China,WPRO,44260,7323095,206,26074
9/24/22,CN,China,WPRO,41620,7364715,58,26132
9/25/22,CN,China,WPRO,39830,7404545,44,26176
9/26/22,CN,China,WPRO,40424,7444969,68,26244
9/27/22,CN,China,WPRO,30124,7475093,34,26278
9/28/22,CN,China,WPRO,47084,7522177,52,26330
9/29/22,CN,China,WPRO,50009,7572186,58,26388
9/30/22,CN,China,WPRO,46290,7618476,58,26446
10/1/22,CN,China,WPRO,44858,7663334,54,26500
10/2/22,CN,China,WPRO,44303,7707637,68,26568
10/3/22,CN,China,WPRO,44594,7752231,41,26609
10/4/22,CN,China,WPRO,34860,7787091,39,26648
10/5/22,CN,China,WPRO,50924,7838015,58,26706
10/6/22,CN,China,WPRO,56487,7894502,63,26769
10/7/22,CN,China,WPRO,48152,7942654,54,26823
10/8/22,CN,China,WPRO,52624,7995278,89,26912
10/9/22,CN,China,WPRO,46189,8041467,65,26977
10/10/22,CN,China,WPRO,46450,8087917,67,27044
10/11/22,CN,China,WPRO,34107,8122024,45,27089
10/12/22,CN,China,WPRO,43157,8165181,46,27135
10/13/22,CN,China,WPRO,54449,8219630,37,27172
10/14/22,CN,China,WPRO,55362,8274992,87,27259
10/15/22,CN,China,WPRO,50142,8325134,84,27343
10/16/22,CN,China,WPRO,45243,8370377,70,27413
10/17/22,CN,China,WPRO,43568,8413945,58,27471
10/18/22,CN,China,WPRO,30778,8444723,40,27511
10/19/22,CN,China,WPRO,46590,8491313,54,27565
10/20/22,CN,China,WPRO,46430,8537743,101,27666
10/21/22,CN,China,WPRO,41248,8578991,87,27753
10/22/22,CN,China,WPRO,38969,8617960,59,27812
10/23/22,CN,China,WPRO,37765,8655725,69,27881
10/24/22,CN,China,WPRO,37248,8692973,69,27950
10/25/22,CN,China,WPRO,28281,8721254,52,28002
10/26/22,CN,China,WPRO,41072,8762326,59,28061
10/27/22,CN,China,WPRO,42374,8804700,92,28153
10/28/22,CN,China,WPRO,37795,8842495,64,28217
10/29/22,CN,China,WPRO,36790,8879285,84,28301
10/30/22,CN,China,WPRO,34434,8913719,88,28389
10/31/22,CN,China,WPRO,33756,8947475,71,28460
11/1/22,CN,China,WPRO,24720,8972195,58,28518
11/2/22,CN,China,WPRO,36175,9008370,61,28579
11/3/22,CN,China,WPRO,32158,9040528,91,28670
11/4/22,CN,China,WPRO,35371,9075899,85,28755
11/5/22,CN,China,WPRO,29153,9105052,85,28840
11/6/22,CN,China,WPRO,27769,9132821,60,28900
11/7/22,CN,China,WPRO,26285,9159106,39,28939
11/8/22,CN,China,WPRO,19022,9178128,19,28958
11/9/22,CN,China,WPRO,27606,9205734,79,29037
11/10/22,CN,China,WPRO,27796,9233530,147,29184
11/11/22,CN,China,WPRO,25157,9258687,66,29250
11/12/22,CN,China,WPRO,23346,9282033,70,29320
11/13/22,CN,China,WPRO,22533,9304566,50,29370
11/14/22,CN,China,WPRO,22192,9326758,56,29426
11/15/22,CN,China,WPRO,20002,9346760,77,29503
11/16/22,CN,China,WPRO,21861,9368621,89,29592
11/17/22,CN,China,WPRO,27172,9395793,65,29657
11/18/22,CN,China,WPRO,24683,9420476,69,29726
11/19/22,CN,China,WPRO,22194,9442670,58,29784
11/20/22,CN,China,WPRO,20709,9463379,54,29838
11/21/22,CN,China,WPRO,20582,9483961,51,29889
11/22/22,CN,China,WPRO,16085,9500046,12,29901
11/23/22,CN,China,WPRO,22959,9523005,109,30010
11/24/22,CN,China,WPRO,24259,9547264,72,30082
11/25/22,CN,China,WPRO,21534,9568798,39,30121
11/26/22,CN,China,WPRO,19808,9588606,45,30166
11/27/22,CN,China,WPRO,18978,9607584,26,30192
11/28/22,CN,China,WPRO,19122,9626706,13,30205
11/29/22,CN,China,WPRO,16306,9643012,115,30320
11/30/22,CN,China,WPRO,23662,9666674,68,30388
12/1/22,CN,China,WPRO,24429,9691103,40,30428
12/2/22,CN,China,WPRO,22407,9713510,52,30480
12/3/22,CN,China,WPRO,20548,9734058,45,30525
12/4/22,CN,China,WPRO,19667,9753725,42,30567
12/5/22,CN,China,WPRO,19900,9773625,38,30605
12/6/22,CN,China,WPRO,17829,9791454,48,30653
12/7/22,CN,China,WPRO,23433,9814887,64,30717
12/8/22,CN,China,WPRO,24659,9839546,167,30884
12/9/22,CN,China,WPRO,22583,9862129,169,31053
12/10/22,CN,China,WPRO,463471,10325600,191,31244
12/11/22,CN,China,WPRO,546023,10871623,194,31438
12/12/22,CN,China,WPRO,747894,11619517,189,31627
12/13/22,CN,China,WPRO,896102,12515619,210,31837
12/14/22,CN,China,WPRO,1030187,13545806,213,32050
12/15/22,CN,China,WPRO,1219935,14765741,227,32277
12/16/22,CN,China,WPRO,1789770,16555511,259,32536
12/17/22,CN,China,WPRO,2300469,18855980,295,32831
12/18/22,CN,China,WPRO,3114193,21970173,315,33146
12/19/22,CN,China,WPRO,4068849,26039022,360,33506
12/20/22,CN,China,WPRO,5102957,31141979,454,33960
12/21/22,CN,China,WPRO,5905312,37047291,628,34588
12/22/22,CN,China,WPRO,6434648,43481939,836,35424
12/23/22,CN,China,WPRO,6966046,50447985,894,36318
12/24/22,CN,China,WPRO,6327801,56775786,1308,37626
12/25/22,CN,China,WPRO,5669864,62445650,1369,38995
12/26/22,CN,China,WPRO,4768272,67213922,1394,40389
12/27/22,CN,China,WPRO,4462481,71676403,1416,41805
12/28/22,CN,China,WPRO,4356772,76033175,1845,43650
12/29/22,CN,China,WPRO,3533372,79566547,2238,45888
12/30/22,CN,China,WPRO,2929223,82495770,2850,48738
12/31/22,CN,China,WPRO,2429272,84925042,3806,52544
1/1/23,CN,China,WPRO,2165484,87090526,4344,56888
1/2/23,CN,China,WPRO,1606621,88697147,4189,61077
1/3/23,CN,China,WPRO,1282467,89979614,4432,65509
1/4/23,CN,China,WPRO,1364408,91344022,4370,69879
1/5/23,CN,China,WPRO,1250579,92594601,3566,73445
1/6/23,CN,China,WPRO,991889,93586490,3229,76674
1/7/23,CN,China,WPRO,863250,94449740,3618,80292
1/8/23,CN,China,WPRO,702548,95152288,3810,84102
1/9/23,CN,China,WPRO,527649,95679937,3482,87584
1/10/23,CN,China,WPRO,407701,96087638,3316,90900
1/11/23,CN,China,WPRO,406509,96494147,2596,93496
1/12/23,CN,China,WPRO,309798,96803945,2381,95877
1/13/23,CN,China,WPRO,277004,97080949,2011,97888
1/14/23,CN,China,WPRO,232501,97313450,2430,100318
1/15/23,CN,China,WPRO,200409,97513859,1819,102137
1/16/23,CN,China,WPRO,141511,97655370,1728,103865
1/17/23,CN,China,WPRO,115572,97770942,1523,105388
1/18/23,CN,China,WPRO,134604,97905546,1443,106831
1/19/23,CN,China,WPRO,107663,98013209,1332,108163
1/20/23,CN,China,WPRO,93248,98106457,1152,109315
1/21/23,CN,China,WPRO,85179,98191636,962,110277
1/22/23,CN,China,WPRO,77406,98269042,970,111247
1/23/23,CN,China,WPRO,44667,98313709,60,111307
1/24/23,CN,China,WPRO,26307,98340016,49,111356
1/25/23,CN,China,WPRO,15316,98355332,2303,113659
1/26/23,CN,China,WPRO,19628,98374960,37,113696
1/27/23,CN,China,WPRO,16892,98391852,53,113749
1/28/23,CN,China,WPRO,24803,98416655,42,113791
1/29/23,CN,China,WPRO,27929,98444584,35,113826
1/30/23,CN,China,WPRO,27805,98472389,47,113873
1/31/23,CN,China,WPRO,1128650,99601039,53,113926
2/1/23,CN,China,WPRO,-1073379,98527660,3364,117290
2/2/23,CN,China,WPRO,1138221,99665881,109,117399
2/3/23,CN,China,WPRO,-1105466,98560415,87,117486
2/4/23,CN,China,WPRO,52940,98613355,80,117566
2/5/23,CN,China,WPRO,24198,98637553,68,117634
2/6/23,CN,China,WPRO,23390,98660943,53,117687
2/7/23,CN,China,WPRO,16918,98677861,56,117743
2/8/23,CN,China,WPRO,23673,98701534,963,118706
2/9/23,CN,China,WPRO,24556,98726090,70,118776
2/10/23,CN,China,WPRO,21192,98747282,91,118867
2/11/23,CN,China,WPRO,19629,98766911,59,118926
2/12/23,CN,China,WPRO,18816,98785727,58,118984
2/13/23,CN,China,WPRO,12899,98798626,39,119023
2/14/23,CN,China,WPRO,17357,98815983,69,119092
2/15/23,CN,China,WPRO,20698,98836681,161,119253
2/16/23,CN,China,WPRO,20073,98856754,0,119253
2/17/23,CN,China,WPRO,16943,98873697,7,119260
2/18/23,CN,China,WPRO,0,98873697,203,119463
2/19/23,CN,China,WPRO,30778,98904475,47,119510
2/20/23,CN,China,WPRO,16018,98920493,46,119556
2/21/23,CN,China,WPRO,12181,98932674,64,119620
2/22/23,CN,China,WPRO,17383,98950057,44,119664
2/23/23,CN,China,WPRO,16609,98966666,0,119664
2/24/23,CN,China,WPRO,14527,98981193,0,119664
2/25/23,CN,China,WPRO,0,98981193,157,119821
2/26/23,CN,China,WPRO,952,98982145,44,119865
2/27/23,CN,China,WPRO,40146,99022291,46,119911
2/28/23,CN,China,WPRO,7837,99030128,30,119941
3/1/23,CN,China,WPRO,10216,99040344,35,119976
3/2/23,CN,China,WPRO,12316,99052660,0,119976
3/3/23,CN,China,WPRO,14178,99066838,144,120120
3/4/23,CN,China,WPRO,0,99066838,61,120181
3/5/23,CN,China,WPRO,97,99066935,46,120227
3/6/23,CN,China,WPRO,35543,99102478,34,120261
3/7/23,CN,China,WPRO,7127,99109605,40,120301
3/8/23,CN,China,WPRO,11079,99120684,50,120351
3/9/23,CN,China,WPRO,11092,99131776,0,120351
3/10/23,CN,China,WPRO,9634,99141410,102,120453
3/11/23,CN,China,WPRO,0,99141410,57,120510
3/12/23,CN,China,WPRO,17793,99159203,38,120548
3/13/23,CN,China,WPRO,9123,99168326,28,120576
3/14/23,CN,China,WPRO,6597,99174923,43,120619
3/15/23,CN,China,WPRO,10134,99185057,37,120656
3/16/23,CN,China,WPRO,10233,99195290,0,120656
3/17/23,CN,China,WPRO,9094,99204384,76,120732
3/18/23,CN,China,WPRO,0,99204384,43,120775
3/19/23,CN,China,WPRO,20120,99224504,0,120775
3/20/23,CN,China,WPRO,4867,99229371,49,120824
3/21/23,CN,China,WPRO,5579,99234950,29,120853
3/22/23,CN,China,WPRO,2690,99237640,40,120893
3/23/23,CN,China,WPRO,296,99237936,0,120893
3/24/23,CN,China,WPRO,109,99238045,1,120894
3/25/23,CN,China,WPRO,0,99238045,0,120894
3/26/23,CN,China,WPRO,61,99238106,1,120895
3/27/23,CN,China,WPRO,654,99238760,0,120895
3/28/23,CN,China,WPRO,39,99238799,1,120896
3/29/23,CN,China,WPRO,51,99238850,0,120896
3/30/23,CN,China,WPRO,67,99238917,0,120896
3/31/23,CN,China,WPRO,61,99238978,0,120896
4/1/23,CN,China,WPRO,0,99238978,0,120896
4/2/23,CN,China,WPRO,188,99239166,1,120897
4/3/23,CN,China,WPRO,674,99239840,0,120897
4/4/23,CN,China,WPRO,79,99239919,0,120897
4/5/23,CN,China,WPRO,105,99240024,0,120897
4/6/23,CN,China,WPRO,0,99240024,0,120897
4/7/23,CN,China,WPRO,0,99240024,0,120897
4/8/23,CN,China,WPRO,0,99240024,6,120903
4/9/23,CN,China,WPRO,370,99240394,2,120905
4/10/23,CN,China,WPRO,695,99241089,1,120906
4/11/23,CN,China,WPRO,95,99241184,0,120906
4/12/23,CN,China,WPRO,125,99241309,2,120908
4/13/23,CN,China,WPRO,178,99241487,1,120909
4/14/23,CN,China,WPRO,196,99241683,0,120909
4/15/23,CN,China,WPRO,0,99241683,1,120910
4/16/23,CN,China,WPRO,410,99242093,2,120912
4/17/23,CN,China,WPRO,823,99242916,3,120915
4/18/23,CN,China,WPRO,196,99243112,1,120916
4/19/23,CN,China,WPRO,218,99243330,1,120917
4/20/23,CN,China,WPRO,234,99243564,1,120918
4/21/23,CN,China,WPRO,227,99243791,0,120918
4/22/23,CN,China,WPRO,0,99243791,4,120922
4/23/23,CN,China,WPRO,508,99244299,1,120923
4/24/23,CN,China,WPRO,966,99245265,11,120934
4/25/23,CN,China,WPRO,259,99245524,3,120937
4/26/23,CN,China,WPRO,336,99245860,3,120940
4/27/23,CN,China,WPRO,373,99246233,3,120943
4/28/23,CN,China,WPRO,389,99246622,0,120943
4/29/23,CN,China,WPRO,0,99246622,15,120958
4/30/23,CN,China,WPRO,759,99247381,3,120961
5/1/23,CN,China,WPRO,1202,99248583,2,120963
5/2/23,CN,China,WPRO,332,99248915,2,120965
5/3/23,CN,China,WPRO,388,99249303,12,120977
5/4/23,CN,China,WPRO,435,99249738,7,120984
5/5/23,CN,China,WPRO,462,99250200,0,120984
5/6/23,CN,China,WPRO,0,99250200,20,121004
5/7/23,CN,China,WPRO,917,99251117,11,121015
5/8/23,CN,China,WPRO,1308,99252425,2,121017
5/9/23,CN,China,WPRO,420,99252845,9,121026
5/10/23,CN,China,WPRO,488,99253333,10,121036
5/11/23,CN,China,WPRO,583,99253916,12,121048
5/12/23,CN,China,WPRO,572,99254488,0,121048
5/13/23,CN,China,WPRO,6,99254494,20,121068
5/14/23,CN,China,WPRO,1063,99255557,5,121073
5/15/23,CN,China,WPRO,1434,99256991,5,121078
5/16/23,CN,China,WPRO,470,99257461,9,121087
5/17/23,CN,China,WPRO,492,99257953,14,121101
5/18/23,CN,China,WPRO,485,99258438,12,121113
5/19/23,CN,China,WPRO,479,99258917,0,121113
5/20/23,CN,China,WPRO,0,99258917,22,121135
5/21/23,CN,China,WPRO,1077,99259994,9,121144
5/22/23,CN,China,WPRO,1815,99261809,10,121154
5/23/23,CN,China,WPRO,467,99262276,13,121167
5/24/23,CN,China,WPRO,555,99262831,15,121182
5/25/23,CN,China,WPRO,1223,99264054,98,121280
5/26/23,CN,China,WPRO,1241,99265295,0,121280
5/27/23,CN,China,WPRO,0,99265295,-62,121218
5/28/23,CN,China,WPRO,1165,99266460,17,121235
5/29/23,CN,China,WPRO,2200,99268660,0,121235
5/30/23,CN,China,WPRO,851,99269511,0,121235
5/31/23,CN,China,WPRO,0,99269511,1,121236
6/1/23,CN,China,WPRO,520,99270031,0,121236
6/2/23,CN,China,WPRO,676,99270707,0,121236
6/3/23,CN,China,WPRO,417,99271124,0,121236
6/4/23,CN,China,WPRO,366,99271490,0,121236
6/5/23,CN,China,WPRO,1775,99273265,0,121236
6/6/23,CN,China,WPRO,152,99273417,0,121236
6/7/23,CN,China,WPRO,411,99273828,0,121236
6/8/23,CN,China,WPRO,727,99274555,0,121236
6/9/23,CN,China,WPRO,214,99274769,0,121236
6/10/23,CN,China,WPRO,450,99275219,0,121236
6/11/23,CN,China,WPRO,3227,99278446,154,121390
6/12/23,CN,China,WPRO,1804,99280250,0,121390
6/13/23,CN,China,WPRO,78,99280328,0,121390
6/14/23,CN,China,WPRO,245,99280573,0,121390
6/15/23,CN,China,WPRO,159,99280732,0,121390
6/16/23,CN,China,WPRO,233,99280965,0,121390
6/17/23,CN,China,WPRO,170,99281135,0,121390
6/18/23,CN,China,WPRO,1866,99283001,0,121390
6/19/23,CN,China,WPRO,1793,99284794,0,121390
6/20/23,CN,China,WPRO,67,99284861,1,121391
6/21/23,CN,China,WPRO,202,99285063,0,121391
6/22/23,CN,China,WPRO,159,99285222,0,121391
6/23/23,CN,China,WPRO,116,99285338,0,121391
6/24/23,CN,China,WPRO,60,99285398,0,121391
6/25/23,CN,China,WPRO,1698,99287096,74,121465
6/26/23,CN,China,WPRO,1617,99288713,0,121465
6/27/23,CN,China,WPRO,47,99288760,0,121465
6/28/23,CN,China,WPRO,177,99288937,0,121465
6/29/23,CN,China,WPRO,115,99289052,0,121465
6/30/23,CN,China,WPRO,104,99289156,0,121465
7/1/23,CN,China,WPRO,81,99289237,0,121465
7/2/23,CN,China,WPRO,1108,99290345,25,121490
7/3/23,CN,China,WPRO,1554,99291899,0,121490
7/4/23,CN,China,WPRO,124,99292023,0,121490
7/5/23,CN,China,WPRO,0,99292023,0,121490
7/6/23,CN,China,WPRO,0,99292023,0,121490
7/7/23,CN,China,WPRO,0,99292023,0,121490
7/8/23,CN,China,WPRO,0,99292023,0,121490
7/9/23,CN,China,WPRO,1128,99293151,25,121515
7/10/23,CN,China,WPRO,1358,99294509,0,121515
7/11/23,CN,China,WPRO,28,99294537,0,121515
7/12/23,CN,China,WPRO,111,99294648,0,121515
7/13/23,CN,China,WPRO,67,99294715,0,121515
7/14/23,CN,China,WPRO,0,99294715,0,121515
7/15/23,CN,China,WPRO,0,99294715,0,121515
7/16/23,CN,China,WPRO,871,99295586,21,121536
7/17/23,CN,China,WPRO,1230,99296816,0,121536
7/18/23,CN,China,WPRO,0,99296816,0,121536
7/19/23,CN,China,WPRO,0,99296816,0,121536